Best metrics: 
Accuracy: 0.9966
Recall: 0.9965701018271638
Precision: 0.9965032361785594
F1 Score: 0.9965342594849332
